2.8513696758379656,0.09983494772060242
1.2005780231284064,0.19245084558748482
1.7817481800722474,0.087204062395556
0.760223197701352,1.161796615855693
1.1226119401749952,1.708845078029145
2.0089234128096143,0.35944593046745377
0.5909597430852188,1.3419602873920946
0.5509211517352033,1.4672473246503475
1.2134600372283744,0.3920954540608397
1.3463442292837682,0.8800155883273826
0.732627742881869,2.0195214493542584
0.9039960376864578,1.0221484858788745
1.0373757400578671,1.4868394258259314
1.2626779895918987,0.7436994779083634
0.5492416598948963,2.3885778992465685
0.033214529278766114,0.9643985599473962
1.1788098331133252,1.8048432999709798
1.2829907837836438,0.5907514180267316
1.3618159695344447,1.534732254220887
0.22111543236126519,2.22246177657155
1.2683283013003823,0.4161891046087889
0.5068751380164546,0.6941983878656811
1.1768318265096704,1.1416173905765317
1.800525291392691,0.37869096855257933
1.5356326242822633,0.9568110996009329
1.6583335009554243,0.6869365523664552
0.06316942952525706,0.1731466673392299
1.8298102529920344,1.1593595227002051
0.5864636147166844,1.5498650303931156
1.4302441287660494,0.023892838498948854
0.40371447389612347,0.7314458556639957
0.4194480083191342,1.2326267077232278
0.8714141573352554,0.4498590624947537
1.3246569748138324,0.7098386070871053
0.5807599309258623,1.8188107164428748
0.6092671493557833,1.2371267988587304
0.31159915008167793,1.4764232912485293
1.2637644574745333,1.0145014049580445
2.094765899201911,0.6076351510062621
0.3801489751195549,2.0241112173780533
0.7957813346519178,1.6832880826493621
0.35650821270147326,1.8587347778735548
0.06094077612282456,1.79377689539223
1.0218903192449167,0.25964706909791435
1.1456258537487045,0.29202802144001483
0.9270136925160165,1.6418027192947675
2.1766295926456856,0.5776731841959344
0.3159661643904017,2.295677355976419
0.4453245980530254,0.4410653686382071
1.0595593753909456,1.1481669584893481
2.016160488499602,0.6816247794994256
1.4493623186768652,0.576548455986105
0.2936449613966584,1.901750017550797
0.7625260759988601,0.6548281009863317
0.2810122818205756,0.07512444209231117
1.1350446133622918,1.4228904091475032
0.9489974826006138,1.824296383918604
1.5811837654234235,0.6298418228266868
0.5586457860442571,0.9271327085512007
1.2741807866039048,0.26348238788845346
1.5723644256795326,0.223997128013946
0.5219515378729818,2.29185070570565
0.7460748374372014,1.1198226921072947
0.2756239121240861,1.3346388789128034
0.12159366400236904,2.7973312893339637
0.4554407105741183,1.7810938512006849
0.3691146230726374,0.17555480263167633
0.37189771185146003,0.008826755693976729
0.0942552467480623,1.6017549916222662
0.17545464064706529,2.089885614294904
0.6621876181542853,1.6082101257822106
2.5140757604740114,0.04653478796073929
1.67234553583886,0.7271852237175516
0.5724736020318761,1.4969708091587917
0.94932668560007,0.6119277280918755
0.8637007164429344,0.8657571249439697
0.9366035355887918,0.1106099692827135
0.19303942657556306,1.8028294632571713
0.7077570420559697,0.7335332285055326
0.2235141984251593,1.7143499885864104
0.6689637463720672,1.4645078705287486
1.5228337701884584,0.17475770506138366
1.419799147819837,1.301491541030369
0.3591537876527632,2.345442898855952
0.5590697055371131,0.8225971866945341
2.096035847858095,0.06584074701550013
0.8139739941817241,1.6853768878576707
1.443424024772113,0.44139818656768204
2.3679431207742474,0.22513399984872695
1.5331942795276783,0.6842559501895453
1.3867310615392272,0.7991536190109831
2.162091586809668,0.7391477554224327
1.3561570867176516,0.4064518074112222
1.1968691038130526,1.3731875037021621
1.6525536815881718,0.4535432499195854
1.7774067457949903,0.5332233186079984
2.032270860499926,0.48950983587160757
0.9167197901903384,0.18210147669403132
0.8573809986567347,0.297779676951167
1.489568746179327,0.6594784447520751
0.7828080455128696,0.8090240165139624
0.2975011711014883,1.8419230757552887
0.821795738639377,0.29773213246779406
1.3968477492320357,0.20767966687278216
2.1299858158874083,0.6553643698167576
0.17638692862698924,0.4280659187957607
2.438791180709323,0.23043415888381746
0.743805316288574,1.9401743778958151
2.1222839284684314,0.4917395536593836
0.03797498231336749,2.1489396177535
0.25149513656331923,0.8984596729679033
1.1272766158186558,0.8056672097031005
0.09847747966386089,0.4652087768781933
0.6714596457528584,0.21508051713869303
0.531774718154053,0.31060152340676517
1.3466671637430303,1.50674482972015
1.368390317913386,1.3661495195660045
2.9615273856926634,0.003023732461633899
0.4202455880066117,0.36856657356393296
1.4363400093594885,0.419880296033477
0.9832965231519671,1.4979301035865156
2.2698653266599775,0.5964380159466329
0.46268447343917296,2.420024677571237
0.06350475593774763,2.764434032208892
0.5672725001028557,1.895148550887436
0.16114075931571248,2.766894429974861
1.5441890539323286,0.03137036899067036
0.7478355203358529,0.688972714399576
1.1608184615037984,0.5456043856971007
0.15731523486363297,2.745956948667891
0.22729637229964883,1.0279009219028115
0.9307298070222652,0.1380651405769926
1.2178552678180645,1.0125879343317685
0.21722577800856913,2.535726061138149
0.8337150475181583,1.7377468984122562
1.9136587801267115,0.11354397489680979
1.592420677438332,1.220519534898194
2.1606759990308007,0.7880315065496694
2.268570166303978,0.5697833366499258
1.8066744666747931,0.09238029290711292
2.444858313274788,0.3122603724089913
1.0610163770346281,0.18228959336203687
0.8121531730928896,1.2452612977281574
1.1614889884827142,0.9645436480765578
0.4071049649652787,1.205222930069036
0.152607862421555,2.6948918624867413
0.4269408352966644,2.086435354534333
1.6500010858031486,0.9341815313275387
1.7849554560729661,0.17922555678898633
0.31754553067124525,1.3945820976710923
0.5911193969433693,0.7130072698312124
0.04367625038547518,1.5325899668158343
2.1281753682160582,0.7488283946166001
0.842028815159996,0.9200586880957704
0.1670980581493986,1.8173324214284516
2.0331271501748076,0.1797882300558482
1.2349119101047021,0.4818478454949642
0.9334984565390937,0.26546701354251523
0.06947846154011106,1.9159639860368805
0.14619495851783282,1.6072095951270682
0.41677007629588514,2.5085581258715113
1.9364497391738604,0.5460794778173572
0.5936231670410984,1.6388779440285162
0.5440114602376466,1.001364619453391
1.416661126458226,1.0196934002232703
1.5602638807098799,0.48738930374451694
0.3906543842017919,1.0833928141195224
2.0451427039146495,0.8712086366976257
0.9991168785317202,0.5841798875086359
1.7513261940966767,0.8906218174923602
0.5040341087922737,1.3926962849270503
0.009542014213374639,1.0696107776024548
1.2785197867196283,1.1409115574134985
0.729429727840342,0.7167901956096844
1.1787062869968432,0.5312287522265474
0.5075868822031137,2.326791057064495
0.7646715470201821,1.00749377877016
0.6162466013399946,1.0528993006496796
0.4418491279850354,1.2908949460922186
2.3466221526956943,0.6505839340530012
0.6513306933502836,1.650631227473125
0.5273782656502329,1.6369214736875664
2.016407594895011,0.29957299943594407
2.3417071859456486,0.1978438907336354
0.46632171092552166,0.5129810320045032
0.2769249088253558,0.2457255403395482
1.6826560701122593,0.0658201508990085
1.814801902247524,0.8998753665321763
0.04481524760086897,1.7108898153504004
2.2242633651833863,0.38020308252695945
0.914460815170148,1.586071604363804
0.2985230345152263,1.1168084314378555
0.00292774260533768,2.387545306487706
0.14255122639744688,1.437439891095269
1.698028819773609,0.6956542009018967
0.4258208697455085,0.4643187399972518
0.27204983134899985,1.8853187162619789
0.15947676272672417,1.2802788447238882
0.7476815844142463,2.204810116865557
2.270760207715037,0.5745087265058746
1.815274524202076,0.1328890598221334
0.022426345560079053,0.6834529467698651
2.045588122964521,0.35190812037089825
1.8661540522515816,0.19079865157732645
0.057812017052402465,2.1525106886179257
1.1357847901163463,1.124966153075768
0.9010600882176296,0.7036965073486806
2.0632358026988515,0.6025397427871781
2.482534613819261,0.4245472555965334
0.2812938958430158,2.061458187584536
1.3348729881438077,0.18189024331159875
0.01462670590812798,2.4338274303325713
2.137844583426257,0.7504356058584316
0.8719443539248878,1.7762348870830076
0.39400809743790244,1.5794697533257098
1.805763429311368,0.1583930614474417
2.1996130331262975,0.40845108927412055
2.202358427289774,0.6336345363573841
0.794293756832726,2.1830964346320556
1.2939328844024565,0.6627626376974421
0.34749153897893226,2.588193533110375
0.768060271194382,0.6627292915188261
1.0722781889645332,0.9535086576020798
0.8790466818498971,1.0349883344295132
1.5329751279226453,1.01565573893533
0.352892542737817,1.4912132390316106
0.8818670826969688,1.4064942756103243
1.6736657914681365,0.7075717687855442
0.5789183051726292,0.9545821704476689
1.7011568009039382,1.2508041548209081
1.4629697718055303,1.342503788183728
0.04772356300667657,1.0361131813545963
1.3808037926021388,0.5211339476346466
1.2647879282888717,1.2141597805139996
0.37404926103997094,2.3752122582387307
0.7655604823167466,0.9185250616461534
0.8454835448373067,0.7790574469915805
1.7124073509490012,0.7795443890256113
0.6992745785809901,2.177131858148145
1.794990108384269,0.20840556960061307
2.4231778443782477,0.3606255403034847
0.5132426941624725,2.288848715687214
0.48989408879368024,0.37079076013416035
1.1186177057456632,0.33655447276964556
1.1651741261507351,0.9092845205581924
0.7668928868844652,1.0174481386906686
0.38994600541701663,2.102743698871145
1.0397600669389109,0.19503092825764246
0.6041869581888277,1.4049300638495739
0.5161937947219657,1.2163451670285905
0.6991937031397297,2.2097778557692163
2.6577004220496345,0.2406480175108856
2.914435590581666,0.057623513826877915
0.3598465772595453,0.4310513365086909
2.178413345307888,0.4409670260752857
2.1702776436208597,0.3973737273727571
0.19218787475746946,2.412254366467089
1.1709289706031418,0.9141516971196894
0.7854008066700315,1.5970673718943562
1.7709427067268027,1.0734467223711657
1.9909891546095286,0.5593550607924944
0.07644264811326984,0.07077307346566297
2.679896440381997,0.29904637036332415
0.4056606518048911,0.2377224141959574
0.06797645987393308,2.3217892676439864
0.5360718864969214,1.8192155402423178
0.4187776462724132,1.699465975658133
1.0748098271403543,0.28661999078913214
2.1603384912831864,0.03500507244012274
1.1374302321493626,0.785975338935725
0.8894718752316301,1.422994782522112
0.7415847768948691,1.9768787463555273
1.890686775044947,0.3619878610867888
0.16663900820702882,1.9937453629074797
0.3707981121176407,1.936940553928679
2.119824609863766,0.47041562253319524
0.2715061141680516,2.4275884685372895
1.2058988956942809,0.8254960638576946
1.0634492768225292,0.7248804051101091
1.3715320106344466,1.0169374121215866
0.8277853900626378,1.7206823959666058
0.7367135569814972,2.019981168005655
0.4489166217856607,2.4634291996466136
1.2003789730828023,0.6231667092121099
2.9378420392880686,0.02915095430852166
0.5392534176283006,1.949810334794823
0.09761255873643504,2.064216507260242
1.4663926376101957,1.0256412991530284
0.6985995373577691,0.7050179484776498
0.8927926255347495,0.15150618656172687
2.1805706173185806,0.30732672294628127
0.03986067235399415,2.689275523046537
1.0485031315452793,1.466885822618834
0.6334447278730292,1.8438562383723438
1.8766003274097298,0.8276436414032536
0.29098609072426174,2.3909273856914757
0.7166545808678431,0.1406223182733629
0.8724459119587153,1.9073965655576806
0.7026252551942531,2.1239012904380794
0.8335656421810136,0.287579900090291
0.8534652567676005,0.975454774270646
1.5720316157232568,0.658832194700419
0.3615421453086005,1.4254571230828375
2.788428243131608,0.056401816840930485
2.6757590886707,0.23718515044139743
2.270820405666253,0.09622547725749941
0.49742425846942007,1.7784009076070104
0.47888970622878013,0.12097445053077605
1.0330383479227108,1.1476012466807846
2.269619254998756,0.7244281730326686
0.08474751285802429,2.225506727177771
0.6334662659603285,0.839386895798025
1.3852756266646202,0.6837226750993245
0.587801407886879,1.8435419909796915
0.1326796704389358,1.7928426558869495
0.15618407418154245,1.9157219895441884
0.09118281032783426,1.6239977527313358
1.329096375103023,1.4747182740196099
0.9203810476011219,1.7680461440313486
0.6009099584482661,1.6100646905408054
0.6247479764839331,2.3302993779435166
1.2314928458252523,0.11226660955936718
1.5099378870455205,0.9784111861532748
0.0859113513916282,1.9426568223853993
1.562072804546171,1.3254030630709395
1.3680343538791992,0.6343482225461896
0.2606434660759894,2.0074161680527403
2.031096626387065,0.6527118306213646
0.6103131836962667,2.3777020626861622
0.6381599820706904,0.694071392159907
0.8737561209924093,1.7859115450411662
0.9371814697793778,1.690228793577333
0.3440584737085549,1.5432718747457337
1.0702654270426297,1.6905595493617365
0.04488923029200664,2.8426166549901337
0.3142400635346069,1.186245956778801
1.5551954795313856,1.238109459300541
0.0795815694835802,1.377436297234346
0.3319633463185514,1.7341963024542912
0.98122418005383,0.10892895433661232
1.2069417862159595,1.661822757643134
0.8589941135040943,0.22585228532098256
0.005679494751597791,0.8536570642051767
1.7885232300563079,0.9584894223530117
0.8375194928779228,2.0949843463287907
0.23516133013587726,0.8750382219141826
1.8587320069525075,0.20392117634777618
0.5380406755743871,0.7413440419442359
0.2967880290335082,0.9347965345922928
0.5609779175980751,1.2919171331920893
2.0069482609837945,0.34661698960658505
0.13181598751192414,1.7394253829672133
2.228390190000382,0.4782948884268745
0.5988786563311367,1.4738247281842598
0.17986994304893777,1.9407748270098693
0.7208649396939272,1.6707694969519986
2.1923055700551934,0.11622446693599542
0.8749483251522877,0.7241431797098592
0.16922951011924559,1.2109583434321185
0.5653347009477703,0.26621519169249297
0.7177291425483907,1.4281251668125483
1.7281829320845585,1.0981143347647806
0.544441107444535,0.6833867173505793
0.9059374323098772,0.5488039869442746
1.043467413528269,1.5395306166412444
0.6175395329704828,1.463824957340917
1.2268479825677012,0.08140499477562313
0.9699090344753523,1.5739120350101765
2.430053795616785,0.23496217151707866
1.3735604884782628,0.9116202274801091
2.1535664672088815,0.14291201733971193
0.5780336923797418,2.129567126206629
0.9961069920563335,0.11853844144352066
1.7677652995756439,0.7107284321177432
0.7519162036612083,2.040976629101459
2.5752541414506758,0.16698146659509683
0.8958486749410327,0.8834491856370276
0.05243149579734174,2.0662715226301036
1.1393266245462699,0.5998315515033659
0.8769659972585795,1.6128360537894022
0.4699037730657344,1.8022995238988893
1.1599087998403466,1.7726703758783002
0.010482648726700017,0.7089335201537462
0.011273128268523447,2.5723750092475877
1.2836913647470753,0.8990434308266899
1.1748491011118354,0.788376494013731
0.3776017508877555,0.6266533828924717
2.1295782863513013,0.25669225431200904
0.5458930602862851,1.1994899746993608
0.699458044852568,1.7349673740424914
0.7864772007507375,0.8258950468419429
0.1741195469724871,0.2986633649722177
0.12394136547078538,2.327944754810966
0.5163751947772769,1.2586961553553846
1.1229305043183881,0.8593765925857807
0.6417586295615972,2.2680231001108866
0.0376536622225071,2.6257675690878846
1.4124671081727451,1.3365399108518572
1.46957481362672,1.2111756776627283
0.38191820401489374,1.648483361276013
1.1098615856193705,0.3468416459270287
0.5924440503988533,1.8937657061283404
0.8856621626114753,0.09047270435407317
2.378429617863778,0.3128581996425105
0.6490556172493208,1.5219999487506661
0.9814658626095584,1.8599455645936038
2.120296538353884,0.7142351262447555
2.676374830278027,0.12984719810541967
2.61356660287695,0.17722689415825654
0.1801903352858698,2.322661623087936
0.35791223979447884,1.0133038665236163
1.0816250898380368,1.2268659253220235
1.5926868767337827,0.3663810242454816
0.9578592509863397,1.2523864360564647
1.1718240236823187,0.2735665510662354
1.5184769652571446,0.19826026290766685
0.8612499350909599,0.8848473536519778
0.06006701611447485,2.3998422382711007
1.4035887672524736,0.9945786224106676
0.8965562000558466,1.2543451198953286
0.30621650559815716,0.24890879934034393
1.064037210473189,0.6362298140407641
0.5277937697137506,0.9862983177288446
0.2956022160635887,2.1343613935429118
0.7879086472149183,1.8883129579942874
0.5912587011306368,0.9964248572307945
1.5726422735315988,1.2127868033319724
1.3048043964735294,1.4622311091366735
1.070123501683131,0.8971583830494834
0.595750591097469,2.123380798202043
1.095571901879841,1.3403477241433053
1.2462166164290909,1.7401739743385245
0.5486748713002315,2.3752913876482875
2.063655684724697,0.43084488980344227
2.4675563225232584,0.10430078779251939
0.289987071209342,0.528722767683837
1.0713347771602706,1.3975461314893103
1.4169096182181655,0.921460694834214
0.37372419832198533,1.7267342699463133
1.9051663361916984,0.15020917287883928
0.41490074584284475,0.3883668334356303
0.7901518515492632,0.7334101044230388
1.4920481237337326,0.2501412068620913
1.4578325327314832,1.4908957826552052
0.469368495950231,1.2504999303103315
1.4450051356532194,1.157113942097804
0.43555986085460285,1.297368179144278
1.339936855797072,1.2190803261818997
2.568027273130953,0.2435784387073009
2.4958767214098443,0.08544500831291657
1.9579885291181618,0.4227643136846013
1.7344308107662147,1.1718800151654287
0.08825868452019892,1.8486408267936767
0.5873635683330594,1.7507866724016492
0.8574391597635327,2.0976437231947944
2.7420081236502645,0.22257027832684284
0.2750647079015297,0.11846273634626525
1.9327182796013544,0.557969853232215
0.0002625817168483424,1.4996891799548657
2.324608355922576,0.25694198736894736
0.04046548813340267,0.47454644678050106
1.025760488317527,0.6877236940697351
2.395959959946242,0.1128444664598981
0.6125250864656696,0.8865812525074356
0.6286902704926912,1.287239101469674
0.5763517268173859,1.5729545518031913
1.8795617115890224,0.8890335743382566
0.22846012546768912,1.9448773285542915
2.0313796432280977,0.8333725691805346
0.4221479470572037,1.5720730069661175
0.09012118900887023,0.9038683593574527
0.5051723160368045,1.0113243865309447
0.05080881742603671,1.02569981837664
0.18089608751359854,1.8702180741086376
0.8489964067224189,2.0128471088878515
1.232085216093949,0.025172987290092652
0.3095279407209628,1.1396472372919078
1.7009444268722742,0.03577887580394934
0.41735169410847417,2.0154885430227343
0.07041753199731449,1.3153056421071858
0.4396092232057114,0.13074562712125115
2.0819996478621823,0.6149129747226968
1.1978688972262868,0.9556130919392667
0.2784575244067027,2.682882486607237
0.04824736912013905,0.5542765302218693
1.834031624022344,1.071286776688768
1.1202544134608474,1.5816168398215715
2.502747958965819,0.3239081589890487
0.5455982234568063,2.315013866336215
0.48714933105744695,0.7969811046112955
0.5555151838518116,0.8569067267149766
1.6882837725518893,0.1118301309954497
1.93543938886108,0.7453347915239363
0.5565350965284505,0.12606947022924364
1.2386662024022592,1.1936960166909398
1.8674959312958366,0.5795775168966124
0.7027267901547721,1.88649720301058
0.7353569895764019,0.5815888714461734
0.5287645425068525,0.3392341564348418
1.7067681384425493,0.9258837477776743
