2.195029 -0.372032
2.153538 -0.296514
1.673818 0.570003
1.555551 -0.024753
-3.963980 -0.848449
-2.763225 -6.781542
0.217907 -0.338551
-3.311674 -5.081402
1.802751 0.276454
2.013847 -0.226694
3.265302 0.167559
-3.635457 -2.886807
1.559764 0.374084
3.425714 1.041154
1.744650 -0.197150
-3.094009 -5.795059
2.197223 0.383358
1.652288 0.492105
1.204654 -0.293834
0.560423 -0.736571
1.328373 0.428043
-3.126822 -5.923674
-0.077530 -1.202695
-1.245513 -4.426676
2.546382 0.131319
3.200301 0.605410
3.746483 1.785690
-1.606471 -5.505927
-2.209453 -6.576036
-3.467617 -4.561713
1.423455 0.076604
3.958273 1.850097
-1.428121 -4.386937
3.081317 -0.074126
-3.839954 -1.720612
0.148376 -1.068397
1.808071 -0.334183
3.320413 -0.054362
1.168717 0.274731
-0.177142 -1.830966
-3.982176 0.022984
2.104510 0.070997
-1.052002 -3.533863
1.987408 -0.398732
-2.375434 -5.993759
3.711969 1.725315
-3.952859 -0.453267
-3.421441 -4.499272
-0.880464 -2.800205
2.558544 -0.423202
-2.934858 -6.534855
-3.205250 -5.849001
2.834242 -0.483881
0.333120 -0.658877
-2.365863 -6.869388
3.724248 1.211305
-1.927701 -6.115034
0.305330 -0.475253
-3.862820 -1.013728
-3.980043 -0.441584
-0.649359 -2.431058
-2.444950 -6.477735
3.910387 2.107946
1.371099 -0.004179
3.500106 0.415094
3.873765 1.649678
-2.320538 -6.606607
-1.478237 -5.197269
-0.624606 -2.895824
-1.912188 -6.342187
1.980596 -0.424496
2.586342 -0.149620
-0.075591 -1.745871
0.553494 -0.545352
-2.684262 -6.670492
2.411832 -0.185220
-1.633035 -5.023169
2.574076 -0.544786
1.792244 0.556044
-1.262986 -4.618949
2.232875 0.087327