1.6485958179457627,0.7054110467878697
0.3737603104299616,1.5279516582058421
1.2647078081319334,0.5365472961612456
2.5117952707641753,0.08975203712786217
0.44969889809280894,0.6658910448539359
2.771531915106194,0.1874909988784036
0.6552541438413142,0.7867524917022974
0.7467494600928867,2.202338598460689
0.15565414438620606,0.5916752082842431
0.2633333183668911,0.327936237711157
0.08103340195302022,2.021876273704436
1.3771023523375732,0.7528356129767143
0.7570140643897367,0.6041178795854806
2.0655430603079425,0.8458993954531968
1.2619001653257311,1.1999286163941834
0.4395400864887893,1.6283970339675253
0.5544530506574189,0.7725911824467623
0.20655473244098732,1.0550477732843913
1.0867280715529586,0.40907589760493546
2.5236992407683787,0.3781419056828781
0.1278795573704391,0.8275172855627736
0.24613553137406718,0.14986102074733754
2.0385144229696355,0.6813487199964441
0.1881749348426116,0.7742733745263485
0.5404336735294086,0.6930136878474791
1.206143598295022,1.1869793126516788
0.5840320943716306,2.3629254749428297
1.3093105590700953,0.8067175958862681
0.9473551711389813,0.41903449187532305
1.1652524998085116,1.318167054637494
2.049373574919319,0.8145961297194085
0.5496768128190525,0.598005274305258
1.9819621507312228,0.9764583524046992
0.8551205312278183,1.8093378963969184
0.698806730958317,0.5767739581432444
0.20503826567021421,0.9485237632509634
0.20386678040356288,1.0658134808004283
0.5974250016994153,1.4205421587129907
1.2872352222324548,0.4732046414058322
0.8641785606299311,0.6950438245628751
1.624367199051885,1.2506304681022427
1.3573550243918806,1.0558029081907123
0.6259445576027984,0.3172542136448874
1.9802094879158174,0.6359446134728196
1.0439583423636667,1.3704264981522796
1.939035751291239,0.0991301992619622
0.12334197197343089,1.5402775083664413
1.4718431167311878,1.3138758782972633
0.9917266173558231,0.7410636499692033
1.1614790622958178,1.609263690890489
1.6885521322014125,0.025696176748980726
0.6749840947469643,0.29363903188474727
1.0629032696172613,1.6514502661515005
0.38399323591099443,2.408040049921044
2.4013163779865847,0.08490408396853133
1.4909184841088594,0.6175017069262716
1.0412614759271306,0.9918507737578851
0.7420360763533342,0.18598641379126146
1.0379441899610282,0.489660875991608
0.5169028209062626,0.7248639933526927
1.3993087982409296,0.9871873361588265
0.24619134662197173,2.624670059688617
1.4055701675238321,0.6089322539033167
1.7802347114816754,0.11138493444491826
2.7210631098535956,0.07338581154064083
0.7329721587841028,0.41598858012854434
1.754834594745633,0.10060724569331325
0.28016634473645374,1.6827670752837833
1.9427678255207255,0.4953221302640127
0.15675616930595582,2.705908997351897
1.3950432791072755,0.49371268556827175
1.3251480212042004,1.0039172041719944
1.727964725197849,0.2603120901900171
0.4056235727341426,1.8816276633352556
0.9408987452067763,0.5236485636503241
1.7834476441899865,0.05588738921182945
0.0943544656601909,1.6554916873766383
0.7989022383048284,1.286418645669043
0.3519172161335853,0.7104151937069999
0.08483473578166434,2.1485219291445743
2.762540656930233,0.13554884963682468
0.7497501225657929,0.7678529327264607
0.441408558335481,0.056670963355344384
0.37619109885207114,2.194032008881302
0.645827839347251,2.125770081740063
0.913741590046568,0.15989888922899687
0.08613432923790454,2.675360559873087
0.7460766561195288,1.703973483791745
0.6615454511879391,2.0922858958083306
1.4949952980749588,0.8250802956353618
1.560322836323162,0.1692470417422992
0.626879551813298,0.10585865310275733
2.1239056083177106,0.5672567575093233
0.4715307297652731,0.3406023416727132
1.599286486377287,1.090483777602786
0.718474178391593,0.9882495205669428
0.171994452337084,1.7982598742316083
2.189893340777256,0.03839405989912725
1.3111770971428616,1.360883684181398
0.43722953771624473,0.6636971261692964
0.25045800141305685,0.8549211870751118
1.1064850216679782,0.9196330137248235
0.6301886750586209,1.950419659394329
1.4257918449759202,0.7918406604392286
1.520098624088496,0.5694482900078427
0.2893317237005609,2.3583151763062906
1.3294074611713533,0.0780109642336031
0.5117291835856397,0.5401910181295637
1.4791842021530406,1.462025388446564
0.8971180081361734,1.8695320838775413
0.4554056161729165,1.5375270488393435
0.49923089839135315,1.7198117954308239
0.3945075110408435,1.397485636595448
0.5854301258978528,1.4814251119275101
0.45383281751318294,2.4005137755533235
1.9349513583231874,0.5545465016573553
1.3340844072599898,0.3398262525080846
0.767839828635977,0.9641712476566202
0.5457874491009724,1.7932361614998842
0.7314676584268058,0.05388885692686418
0.8007619750415584,1.5636186444112754
0.41119804554583883,1.5573705611403015
1.5021120120176843,0.532377561370327
2.1333405672059578,0.6989170517172185
1.1591906878686975,0.12175099000167888
0.34532577942693277,2.6016158448380606
1.7882030667054165,0.20565684679359975
0.17875790610990105,1.8721909893934772
1.0882512960395554,1.3727342307100088
2.3437780454569532,0.40556197891758716
0.9026109261561837,1.1813220331152885
0.8922704518539417,1.8843308469647084
1.1694666520938104,0.5275032231367623
0.5349539025549689,0.5700472547250858
2.084721567600962,0.5765584577695602
0.7338523001235104,1.1955281310814927
1.1743480172591312,1.178499115494355
1.9249787930873334,0.6814767307350317
1.055744281112974,0.07238530586020875
0.2893131752793163,0.4707271547423002
1.4006205608490956,0.8097817006646424
2.759699196421267,0.14631627296160143
1.9383430043266108,0.8182106936889122
0.38447231960554606,2.3773692650228972
2.7379191302644377,0.10235890668088254
0.013328279509647212,2.9733808028733844
0.41263423959269463,2.517936786830548
2.128867063003232,0.07668145088678446
0.3679493614823873,1.1816077899525865
1.1779048552197524,1.8098174801929199
2.7218837094626345,0.17084457043046186
0.9075869350712281,0.04104334922382802
0.6056529797717872,1.2846622995790544
0.5929762646129252,2.297596020430227
0.8202881093029406,1.9847873782291134
1.0840193077221576,0.7086596044824769
0.4560015279551701,1.2763094015208338
0.5174917725153134,0.21779878029676625
2.4545683714227313,0.4520674568169991
1.8977252001202696,0.3276190529452937
0.49530760495195225,0.558640763156466
0.8144507922396111,1.6448460839514736
0.46099321558226625,2.343550629325629
1.1031650924154905,0.8438235747799788
0.07270745688564095,0.2755978125558568
0.2684505968212828,2.691993680682444
0.19189876114179616,1.7024600048313754
0.008002176874582378,2.171541476794947
2.2193106763129,0.6050022731421851
1.1516485299228434,0.6543816552231843
0.8181256414772626,1.3996102604697498
2.380573037091948,0.23083083772284752
1.8510406159234796,0.8419656237726305
0.8388100717085187,0.853322316946599
0.13904032769706443,2.6301735781970823
0.6687740629076261,0.06788504732848755
2.329138561183711,0.5524629775524751
2.023191042089693,0.8566085884290332
1.4424188756919871,0.5421682606112463
1.7319704081150067,0.9221716001209872
2.752510662664961,0.08550537364384214
2.0981020000028434,0.8760582203863064
1.7224331107046873,0.518176058175454
0.24947103453607977,0.48574107777900744
0.4302121070662994,1.1843877416505109
1.0690196476470089,1.320663165321627
0.4742618689707263,0.2404974176707897
0.6785974652238289,0.8491684974993103
0.5406089095119979,2.0963218201080758
0.312312045510052,2.049142818231709
0.13704881998406493,1.3305815003932873
0.1875979960822286,2.2125887009811924
1.299539375552085,1.3743720658153598
1.2440825947562262,1.574316143298526
0.9761240880458564,0.4188762501082959
0.8874550371995903,0.6669440790847524
1.5175811390331357,1.4589600231472657
0.7701504529069367,1.5400758972063253
0.043491462828995076,2.504898002474439
0.3564241254715732,2.523644984567737
